4.0
16.0
-1.57
                       272321161211222315212139122
                       2                         2
        1337122311221121                         3
        2              1    1    1    1    2     2211
        1              1                            1
        4                                           4
        3                                           4
        2              1                            2
        1              1    1    2    2    1     1212
1132121121212111 1221212                         2
1                      2                         1
1                      111381211251131211221222132
2    1                 1
1                      3
3                      5
2                      1
1                      2
121231211263311112311212


